000010010001000000000001 91年1月22日 4 9 10 13 32 33 37 91年4月22日
000010010001000000000010 91年1月25日 6 16 28 30 31 35 2 91年4月29日
000010010001000000000011 91年1月29日 7 9 29 34 36 39 16 91年4月29日
000010010001000000000100 91年2月1日 13 25 28 29 30 39 21 91年5月3日
000010010001000000000101 91年2月5日 1 3 11 15 17 39 34 91年5月6日
000010010001000000000110 91年2月8日 2 4 15 16 29 33 39 91年5月14日
000010010001000000000111 91年2月12日 20 25 29 37 38 39 28 91年5月14日
000010010001000000001000 91年2月15日 1 6 7 12 20 42 35 91年5月17日
000010010001000000001001 91年2月19日 7 12 19 20 24 36 26 91年5月20日
000010010001000000010000 91年2月22日 2 10 15 23 30 32 36 91年5月24日
000010010001000000010001 91年2月26日 6 20 29 35 38 40 41 91年5月27日
000010010001000000010010 91年3月1日 12 20 30 32 35 40 34 91年6月3日
000010010001000000010011 91年3月5日 4 10 14 23 29 39 36 91年6月5日
000010010001000000010100 91年3月8日 4 5 14 21 27 40 12 91年6月10日
000010010001000000010101 91年3月12日 8 12 16 26 34 36 5 91年6月12日
000010010001000000010110 91年3月15日 5 10 13 15 29 36 1 91年6月17日
000010010001000000010111 91年3月19日 2 5 9 16 25 32 7 91年6月19日
000010010001000000011000 91年3月22日 6 9 21 27 31 32 2 91年6月24日
000010010001000000011001 91年3月26日 5 18 25 26 35 42 29 91年6月26日
000010010001000000100000 91年3月29日 19 21 22 25 31 34 13 91年6月1日
000010010001000000100001 91年4月2日 13 20 26 30 32 37 4 91年7月2日
000010010001000000100010 91年4月5日 7 10 14 17 27 37 28 91年7月8日
000010010001000000100011 91年4月9日 6 20 21 26 36 37 27 91年7月9日
000010010001000000100100 91年4月12日 12 14 15 24 36 39 1 91年7月15日
000010010001000000100101 91年4月16日 10 12 17 21 22 29 25 91年7月16日
000010010001000000100110 91年4月19日 5 6 9 24 27 39 15 91年7月22日
000010010001000000100111 91年4月23日 1 2 4 7 8 18 9 91年7月23日
000010010001000000101000 91年4月26日 15 19 22 23 33 34 20 91年7月29日
000010010001000000101001 91年4月30日 11 23 31 33 36 37 34 91年7月1日
000010010001000000110000 91年5月3日 7 15 17 18 28 36 8 91年8月5日
000010010001000000110001 91年5月7日 21 25 26 33 37 41 20 91年8月7日
000010010001000000110010 91年5月10日 7 15 17 27 30 42 5 91年8月12日
000010010001000000110011 91年5月14日 2 9 18 20 27 36 4 91年8月14日
000010010001000000110100 91年5月17日 2 14 21 23 27 32 35 91年8月19日
000010010001000000110101 91年5月21日 3 4 12 19 32 35 29 91年8月21日
000010010001000000110110 91年5月24日 6 10 19 22 27 34 7 91年8月26日
000010010001000000110111 91年5月28日 18 19 27 34 39 41 40 91年8月28日
000010010001000000111000 91年5月31日 8 11 14 24 31 36 23 91年8月2日
000010010001000000111001 91年6月4日 10 15 16 26 27 42 3 91年9月4日
000010010001000001000000 91年6月7日 13 18 19 28 34 38 9 91年9月9日
000010010001000001000001 91年6月11日 13 21 23 27 29 41 17 91年9月11日
000010010001000001000010 91年6月14日 4 11 14 15 20 41 10 91年9月16日
000010010001000001000011 91年6月18日 9 13 30 32 35 37 28 91年9月18日
000010010001000001000100 91年6月21日 1 2 6 21 28 37 31 91年9月23日
000010010001000001000101 91年6月25日 4 8 11 26 33 39 37 91年9月25日
000010010001000001000110 91年6月28日 4 5 12 37 39 41 27 91年9月30日
000010010001000001000111 91年7月2日 6 12 13 22 32 33 25 91年10月2日
000010010001000001001000 91年7月5日 8 12 17 25 27 28 30 91年10月7日
000010010001000001001001 91年7月9日 1 5 9 18 19 31 37 91年10月9日
000010010001000001010000 91年7月12日 11 12 15 23 37 38 31 91年10月14日
000010010001000001010001 91年7月16日 1 8 12 15 19 20 17 91年10月16日
000010010001000001010010 91年7月19日 1 2 8 20 29 40 17 91年10月21日
000010010001000001010011 91年7月23日 5 7 18 19 26 29 33 91年10月23日
000010010001000001010100 91年7月26日 1 2 9 27 37 39 26 91年10月28日
000010010001000001010101 91年7月30日 3 8 9 17 21 42 41 91年10月30日
000010010001000001010110 91年8月2日 16 22 26 30 33 34 3 91年11月4日
000010010001000001010111 91年8月6日 3 13 30 34 38 40 35 91年11月6日
000010010001000001011000 91年8月9日 4 17 29 33 35 40 12 91年11月11日
000010010001000001011001 91年8月13日 3 4 12 17 22 31 7 91年11月13日
000010010001000001100000 91年8月16日 10 12 21 24 27 33 7 91年11月18日
000010010001000001100001 91年8月20日 12 13 17 28 31 34 27 91年11月20日
000010010001000001100010 91年8月23日 8 20 29 35 38 42 31 91年11月25日
000010010001000001100011 91年8月27日 4 10 15 18 24 36 1 91年11月27日
000010010001000001100100 91年8月30日 8 9 17 21 28 38 15 91年11月2日
000010010001000001100101 91年9月3日 23 24 30 31 34 41 42 91年12月3日
000010010001000001100110 91年9月6日 3 14 34 38 39 42 26 91年12月9日
000010010001000001100111 91年9月10日 1 7 8 15 21 26 10 91年12月10日
000010010001000001101000 91年9月13日 7 8 14 16 20 23 13 91年12月16日
000010010001000001101001 91年9月17日 11 16 19 24 32 41 39 91年12月17日
000010010001000001110000 91年9月20日 3 11 18 20 28 40 12 91年12月23日
000010010001000001110001 91年9月24日 15 20 22 30 31 35 14 91年12月24日
000010010001000001110010 91年9月27日 11 17 34 40 41 42 33 91年12月30日
000010010001000001110011 91年10月1日 2 8 17 25 26 39 13 92年1月2日
000010010001000001110100 91年10月4日 7 22 23 28 32 40 25 92年1月6日
000010010001000001110101 91年10月8日 15 17 22 28 33 37 41 92年1月8日
000010010001000001110110 91年10月11日 2 5 23 28 37 40 29 92年1月13日
000010010001000001110111 91年10月15日 1 6 9 14 30 38 34 92年1月15日
000010010001000001111000 91年10月18日 7 19 20 29 32 35 30 92年1月20日
000010010001000001111001 91年10月22日 7 8 15 19 34 41 33 92年1月22日
000010010001000010000000 91年10月25日 1 10 24 34 39 41 42 92年1月27日
000010010001000010000001 91年10月29日 5 11 12 25 33 40 1 92年1月29日
000010010001000010000010 91年11月1日 9 10 30 34 39 41 26 92年2月3日
000010010001000010000011 91年11月5日 4 6 7 21 26 40 35 92年2月5日
000010010001000010000100 91年11月8日 4 14 26 27 32 37 12 92年2月10日
000010010001000010000101 91年11月12日 11 13 25 31 32 41 21 92年2月12日
000010010001000010000110 91年11月15日 9 18 21 24 38 41 32 92年2月17日
000010010001000010000111 91年11月19日 3 31 32 33 37 40 30 92年2月19日
000010010001000010001000 91年11月22日 11 20 30 32 34 41 39 92年2月24日
000010010001000010001001 91年11月26日 12 20 23 35 36 42 7 92年2月26日
000010010001000010010000 91年11月29日 9 12 13 18 21 26 3 92年2月3日
000010010001000010010001 91年12月3日 7 19 20 33 39 40 5 92年3月3日
000010010001000010010010 91年12月6日 4 19 27 33 34 41 11 92年3月10日
000010010001000010010011 91年12月10日 1 10 18 25 41 42 11 92年3月10日
000010010001000010010100 91年12月13日 1 4 11 13 18 39 10 92年3月17日
000010010001000010010101 91年12月17日 8 13 21 28 30 35 27 92年3月17日
000010010001000010010110 91年12月20日 10 11 13 14 16 40 32 92年3月24日
000010010001000010010111 91年12月24日 10 20 24 30 37 39 19 92年3月24日
000010010001000010011000 91年12月27日 11 18 22 23 25 41 31 92年3月31日
000010010001000010011001 91年12月31日 11 14 24 26 30 39 41 92年3月1日
000010010010000000000001 92年1月3日 11 14 20 36 39 42 23 92年4月7日
000010010010000000000010 92年1月7日 6 10 12 13 14 35 27 92年4月7日
000010010010000000000011 92年1月10日 9 13 15 35 37 39 10 92年4月14日
000010010010000000000100 92年1月14日 10 14 17 20 31 41 39 92年4月14日
000010010010000000000101 92年1月17日 2 3 18 28 36 41 23 92年4月21日
000010010010000000000110 92年1月21日 6 19 21 28 31 39 4 92年4月21日
000010010010000000000111 92年1月24日 3 5 9 10 13 24 7 92年4月28日
000010010010000000001000 92年1月28日 13 15 16 21 27 38 39 92年4月28日
000010010010000000001001 92年1月31日 7 12 15 31 33 41 27 92年4月5日
000010010010000000010000 92年2月4日 4 15 21 28 33 35 31 92年5月5日
000010010010000000010001 92年2月7日 3 16 17 29 34 37 33 92年5月9日
000010010010000000010010 92年2月11日 2 5 21 25 34 42 3 92年5月12日
000010010010000000010011 92年2月14日 24 27 32 33 37 38 13 92年5月16日
000010010010000000010100 92年2月18日 2 5 7 9 28 35 19 92年5月19日
000010010010000000010101 92年2月21日 1 5 18 25 30 32 21 92年5月23日
000010010010000000010110 92年2月25日 21 28 30 33 35 42 37 92年5月26日
000010010010000000010111 92年2月28日 15 20 22 36 38 40 32 92年5月2日
000010010010000000011000 92年3月4日 11 18 20 21 38 40 22 92年6月5日
000010010010000000011001 92年3月7日 3 15 19 23 27 31 17 92年6月9日
000010010010000000100000 92年3月11日 7 25 32 34 37 39 20 92年6月11日
000010010010000000100001 92年3月14日 1 13 14 21 28 42 19 92年6月16日
000010010010000000100010 92年3月18日 3 7 12 21 34 42 38 92年6月18日
000010010010000000100011 92年3月21日 3 5 15 17 24 41 21 92年6月23日
000010010010000000100100 92年3月25日 5 12 15 21 27 38 16 92年6月25日
000010010010000000100101 92年3月28日 9 27 34 37 38 40 6 92年6月30日
000010010010000000100110 92年4月1日 4 6 23 25 26 27 2 92年7月1日
000010010010000000100111 92年4月4日 15 18 19 27 28 29 6 92年7月7日
000010010010000000101000 92年4月8日 5 10 19 24 38 40 21 92年7月8日
000010010010000000101001 92年4月11日 8 12 14 22 39 41 38 92年7月14日
000010010010000000110000 92年4月15日 6 8 11 16 22 29 23 92年7月15日
000010010010000000110001 92年4月18日 4 6 23 27 29 35 11 92年7月21日
000010010010000000110010 92年4月22日 4 5 22 24 39 42 11 92年7月22日
000010010010000000110011 92年4月25日 2 10 16 24 26 41 14 92年7月28日
000010010010000000110100 92年4月29日 1 10 17 24 28 41 6 92年7月29日
000010010010000000110101 92年5月2日 4 7 18 21 31 36 15 92年8月4日
000010010010000000110110 92年5月6日 4 22 24 26 27 37 18 92年8月6日
000010010010000000110111 92年5月9日 8 11 20 25 27 33 19 92年8月11日
000010010010000000111000 92年5月13日 9 12 16 24 27 28 14 92年8月13日
000010010010000000111001 92年5月16日 1 10 16 29 33 35 20 92年8月18日
000010010010000001000000 92年5月20日 6 10 12 23 25 35 5 92年8月20日
000010010010000001000001 92年5月23日 1 13 20 22 27 37 31 92年8月25日
000010010010000001000010 92年5月27日 2 11 16 20 28 32 10 92年8月27日
000010010010000001000011 92年5月30日 6 13 26 33 34 39 35 92年8月1日
000010010010000001000100 92年6月3日 17 21 26 28 37 41 34 92年9月4日
000010010010000001000101 92年6月6日 11 20 22 23 33 34 42 92年9月8日
000010010010000001000110 92年6月10日 3 4 10 25 36 41 40 92年9月10日
000010010010000001000111 92年6月13日 3 5 10 15 24 28 26 92年9月15日
000010010010000001001000 92年6月17日 1 5 14 24 39 41 36 92年9月17日
000010010010000001001001 92年6月20日 9 11 12 21 37 41 27 92年9月22日
000010010010000001010000 92年6月24日 11 14 25 26 29 34 38 92年9月24日
000010010010000001010001 92年6月27日 9 10 11 14 20 36 39 92年9月29日
000010010010000001010010 92年7月1日 1 6 9 18 28 34 40 92年10月1日
000010010010000001010011 92年7月4日 4 14 25 28 35 39 7 92年10月6日
000010010010000001010100 92年7月8日 4 17 23 26 27 32 7 92年10月8日
000010010010000001010101 92年7月11日 5 17 27 32 35 40 37 92年10月13日
000010010010000001010110 92年7月15日 4 9 18 31 35 36 29 92年10月15日
000010010010000001010111 92年7月18日 2 11 12 21 24 41 28 92年10月20日
000010010010000001011000 92年7月22日 6 10 15 28 36 37 2 92年10月22日
000010010010000001011001 92年7月25日 3 12 26 33 36 40 22 92年10月27日
000010010010000001100000 92年7月29日 6 20 25 30 35 42 3 92年10月29日
000010010010000001100001 92年8月1日 1 9 12 16 22 25 42 92年11月3日
000010010010000001100010 92年8月5日 2 17 22 23 30 34 9 92年11月5日
000010010010000001100011 92年8月8日 12 15 19 35 36 40 29 92年11月10日
000010010010000001100100 92年8月12日 2 11 15 20 24 36 32 92年11月12日
000010010010000001100101 92年8月15日 4 13 15 28 29 38 41 92年11月17日
000010010010000001100110 92年8月19日 12 19 31 36 37 39 28 92年11月19日
000010010010000001100111 92年8月22日 13 17 21 23 33 36 29 92年11月24日
000010010010000001101000 92年8月26日 4 9 12 28 33 40 41 92年11月26日
000010010010000001101001 92年8月29日 3 6 16 22 26 32 24 92年11月1日
000010010010000001110000 92年9月2日 7 8 9 14 36 39 30 92年12月2日
000010010010000001110001 92年9月5日 7 17 19 23 33 37 21 92年12月8日
000010010010000001110010 92年9月9日 6 8 19 22 32 39 4 92年12月9日
000010010010000001110011 92年9月12日 9 11 23 24 27 32 26 92年12月15日
000010010010000001110100 92年9月16日 4 12 19 29 33 41 30 92年12月16日
000010010010000001110101 92年9月19日 11 14 21 22 23 28 25 92年12月22日
000010010010000001110110 92年9月23日 1 3 14 22 30 40 13 92年12月23日
000010010010000001110111 92年9月26日 14 27 33 34 36 38 30 92年12月29日
000010010010000001111000 92年9月30日 7 19 21 24 28 36 26 92年12月31日
000010010010000001111001 92年10月3日 6 10 15 17 28 32 26 93年1月5日
000010010010000010000000 92年10月7日 3 23 24 34 37 40 5 93年1月7日
000010010010000010000001 92年10月10日 8 15 19 21 23 31 25 93年1月12日
000010010010000010000010 92年10月14日 9 21 22 31 32 42 27 93年1月14日
000010010010000010000011 92年10月17日 1 2 11 15 25 27 33 93年1月19日
000010010010000010000100 92年10月21日 1 3 25 28 31 40 33 93年1月27日
000010010010000010000101 92年10月24日 2 5 18 30 31 34 39 93年1月27日
000010010010000010000110 92年10月28日 10 24 31 33 35 39 16 93年1月28日
000010010010000010000111 92年10月31日 5 7 22 31 32 34 14 93年1月2日
000010010010000010001000 92年11月4日 13 15 20 22 32 35 34 93年2月4日
000010010010000010001001 92年11月7日 6 12 16 31 35 42 2 93年2月9日
000010010010000010010000 92年11月11日 2 5 12 25 33 39 41 93年2月11日
000010010010000010010001 92年11月14日 5 28 32 34 41 42 40 93年2月16日
000010010010000010010010 92年11月18日 2 3 16 25 34 42 13 93年2月18日
000010010010000010010011 92年11月21日 3 8 17 24 33 34 38 93年2月23日
000010010010000010010100 92年11月25日 2 4 9 33 36 41 40 93年2月25日
000010010010000010010101 92年11月28日 3 4 15 19 20 28 7 93年2月1日
000010010010000010010110 92年12月2日 9 16 24 29 30 40 13 93年3月2日
000010010010000010010111 92年12月5日 6 20 23 28 36 37 7 93年3月8日
000010010010000010011000 92年12月9日 1 24 25 29 31 37 18 93年3月9日
000010010010000010011001 92年12月12日 4 14 17 27 34 35 1 93年3月15日
000010010010000100000000 92年12月16日 1 11 12 21 36 40 24 93年3月16日
000010010010000100000001 92年12月19日 14 19 21 24 33 36 39 93年3月22日
000010010010000100000010 92年12月23日 3 8 22 28 33 41 35 93年3月23日
000010010010000100000011 92年12月26日 1 10 11 34 39 42 18 93年3月29日
000010010010000100000100 92年12月30日 2 17 18 24 26 40 30 93年3月30日
000010010011000000000001 93年1月2日 1 2 5 22 23 40 19 93年4月5日
000010010011000000000010 93年1月6日 9 12 16 28 34 39 32 93年4月6日
000010010011000000000011 93年1月9日 2 12 29 32 36 41 22 93年4月12日
000010010011000000000100 93年1月13日 1 6 8 9 14 25 16 93年4月13日
000010010011000000000101 93年1月16日 5 11 24 33 39 40 26 93年4月19日
000010010011000000000110 93年1月20日 5 19 31 33 36 38 4 93年4月26日
000010010011000000000111 93年1月23日 8 9 18 23 24 36 25 93年4月26日
000010010011000000001000 93年1月27日 1 6 23 31 35 37 19 93年4月27日
000010010011000000001001 93年1月30日 7 11 12 32 33 34 21 93年4月3日
000010010011000000010000 93年2月3日 9 17 23 36 37 40 3 93年5月3日
000010010011000000010001 93年2月6日 7 9 19 20 36 37 30 93年5月10日
000010010011000000010010 93年2月10日 2 8 13 26 31 38 25 93年5月10日
000010010011000000010011 93年2月13日 1 6 10 14 18 25 13 93年5月17日
000010010011000000010100 93年2月17日 3 5 7 12 24 32 38 93年5月17日
000010010011000000010101 93年2月20日 7 11 13 29 34 41 18 93年5月24日
000010010011000000010110 93年2月24日 15 18 19 24 38 41 39 93年5月24日
000010010011000000010111 93年2月27日 4 11 17 26 29 33 14 93年5月31日
000010010011000000011000 93年3月2日 12 13 30 35 37 40 15 93年6月2日
000010010011000000011001 93年3月5日 12 19 26 35 37 42 20 93年6月7日
000010010011000000100000 93年3月9日 6 12 18 25 28 36 29 93年6月9日
000010010011000000100001 93年3月12日 7 8 11 17 33 37 12 93年6月14日
000010010011000000100010 93年3月16日 1 4 8 18 24 40 34 93年6月16日
000010010011000000100011 93年3月19日 1 21 23 24 34 35 22 93年6月21日
000010010011000000100100 93年3月23日 7 11 15 30 36 41 18 93年6月23日
000010010011000000100101 93年3月26日 23 27 28 33 39 40 4 93年6月28日
000010010011000000100110 93年3月30日 3 5 13 17 35 42 8 93年6月30日
000010010011000000100111 93年4月2日 22 31 32 33 41 42 4 93年7月5日
000010010011000000101000 93年4月6日 5 10 12 23 25 35 7 93年7月6日
000010010011000000101001 93年4月9日 5 15 21 29 37 41 24 93年7月12日
000010010011000000110000 93年4月13日 3 8 18 20 22 28 40 93年7月13日
000010010011000000110001 93年4月16日 4 9 17 29 37 40 18 93年7月19日
000010010011000000110010 93年4月20日 5 17 20 26 33 35 24 93年7月20日
000010010011000000110011 93年4月23日 7 13 14 16 20 42 11 93年7月26日
000010010011000000110100 93年4月27日 7 25 32 37 39 41 29 93年7月27日
000010010011000000110101 93年4月30日 4 8 9 34 37 42 32 93年8月2日
