091001  91年1月22日 04  09  10  13  32  33    37 91年4月22日
091002  91年1月25日 06  16  28  30  31  35    2 91年4月29日
091003  91年1月29日 07  09  29  34  36  39    16 91年4月29日  
091004  91年2月1日 13  25  28  29  30  39    21 91年5月3日
091005  91年2月5日 01  03  11  15  17  39    34 91年5月6日
091006  91年2月8日 02  04  15  16  29  33    39 91年5月14日
091007  91年2月12日 20  25  29  37  38  39    28 91年5月14日
091008  91年2月15日 01  06  07  12  20  42    35 91年5月17日 
091009  91年2月19日 07  12  19  20  24  36    26 91年5月20日  
091010  91年2月22日 02  10  15  23  30  32    36 91年5月24日
091011  91年2月26日 06  20  29  35  38  40    41 91年5月27日  
091012  91年3月1日 12  20  30  32  35  40    34 91年6月3日  
091013  91年3月5日 04  10  14  23  29  39    36 91年6月5日  
091014  91年3月8日 04  05  14  21  27  40    12 91年6月10日  
091015  91年3月12日 08  12  16  26  34  36    5 91年6月12日  
091016  91年3月15日 05  10  13  15  29  36    1 91年6月17日  
091017  91年3月19日 02  05  09  16  25  32    7 91年6月19日  
091018  91年3月22日 06  09  21  27  31  32    2 91年6月24日  
091019  91年3月26日 05  18  25  26  35  42    29 91年6月26日  
091020  91年3月29日 19  21  22  25  31  34    13 91年6月1日  
091021  91年4月2日 13  20  26  30  32  37    4 91年7月2日  
091022  91年4月5日 07  10  14  17  27  37    28 91年7月8日  
091023  91年4月9日 06  20  21  26  36  37    27 91年7月9日  
091024  91年4月12日 12  14  15  24  36  39    1 91年7月15日  
091025  91年4月16日 10  12  17  21  22  29    25 91年7月16日  
091026  91年4月19日 05  06  09  24  27  39    15 91年7月22日  
091027  91年4月23日 01  02  04  07  08  18    9 91年7月23日  
091028  91年4月26日 15  19  22  23  33  34    20 91年7月29日  
091029  91年4月30日 11  23  31  33  36  37    34 91年7月1日  
091030  91年5月3日 07  15  17  18  28  36    8 91年8月5日  
091031  91年5月7日 21  25  26  33  37  41    20 91年8月7日  
091032  91年5月10日 07  15  17  27  30  42    5 91年8月12日  
091033  91年5月14日 02  09  18  20  27  36    4 91年8月14日  
091034  91年5月17日 02  14  21  23  27  32    35 91年8月19日  
091035  91年5月21日 03  04  12  19  32  35    29 91年8月21日  
091036  91年5月24日 06  10  19  22  27  34    7 91年8月26日  
091037  91年5月28日 18  19  27  34  39  41    40 91年8月28日  
091038  91年5月31日 08  11  14  24  31  36    23 91年8月2日  
091039  91年6月4日 10  15  16  26  27  42    3 91年9月4日  
091040  91年6月7日 13  18  19  28  34  38    9 91年9月9日  
091041  91年6月11日 13  21  23  27  29  41    17 91年9月11日  
091042  91年6月14日 04  11  14  15  20  41    10 91年9月16日  
091043  91年6月18日 09  13  30  32  35  37    28 91年9月18日  
091044  91年6月21日 01  02  06  21  28  37    31 91年9月23日  
091045  91年6月25日 04  08  11  26  33  39    37 91年9月25日  
091046  91年6月28日 04  05  12  37  39  41    27 91年9月30日  
091047  91年7月2日 06  12  13  22  32  33    25 91年10月2日  
091048  91年7月5日 08  12  17  25  27  28    30 91年10月7日  
091049  91年7月9日 01  05  09  18  19  31    37 91年10月9日  
091050  91年7月12日 11  12  15  23  37  38    31 91年10月14日  
091051  91年7月16日 01  08  12  15  19  20    17 91年10月16日  
091052  91年7月19日 01  02  08  20  29  40    17 91年10月21日  
091053  91年7月23日 05  07  18  19  26  29    33 91年10月23日  
091054  91年7月26日 01  02  09  27  37  39    26 91年10月28日  
091055  91年7月30日 03  08  09  17  21  42    41 91年10月30日  
091056  91年8月2日 16  22  26  30  33  34    3 91年11月4日  
091057  91年8月6日 03  13  30  34  38  40    35 91年11月6日  
091058  91年8月9日 04  17  29  33  35  40    12 91年11月11日  
091059  91年8月13日 03  04  12  17  22  31    7 91年11月13日  
091060  91年8月16日 10  12  21  24  27  33    7 91年11月18日  
091061  91年8月20日 12  13  17  28  31  34    27 91年11月20日  
091062  91年8月23日 08  20  29  35  38  42    31 91年11月25日  
091063  91年8月27日 04  10  15  18  24  36    1 91年11月27日  
091064  91年8月30日 08  09  17  21  28  38    15 91年11月2日  
091065  91年9月3日 23  24  30  31  34  41    42 91年12月3日  
091066  91年9月6日 03  14  34  38  39  42    26 91年12月9日  
091067  91年9月10日 01  07  08  15  21  26    10 91年12月10日  
091068  91年9月13日 07  08  14  16  20  23    13 91年12月16日  
091069  91年9月17日 11  16  19  24  32  41    39 91年12月17日  
091070  91年9月20日 03  11  18  20  28  40    12 91年12月23日  
091071  91年9月24日 15  20  22  30  31  35    14 91年12月24日  
091072  91年9月27日 11  17  34  40  41  42    33 91年12月30日  
091073  91年10月1日 02  08  17  25  26  39    13 92年1月2日  
091074  91年10月4日 07  22  23  28  32  40    25 92年1月6日  
091075  91年10月8日 15  17  22  28  33  37    41 92年1月8日  
091076  91年10月11日 02  05  23  28  37  40    29 92年1月13日  
091077  91年10月15日 01  06  09  14  30  38    34 92年1月15日  
091078  91年10月18日 07  19  20  29  32  35    30 92年1月20日  
091079  91年10月22日 07  08  15  19  34  41    33 92年1月22日  
091080  91年10月25日 01  10  24  34  39  41    42 92年1月27日  
091081  91年10月29日 05  11  12  25  33  40    1 92年1月29日  
091082  91年11月1日 09  10  30  34  39  41    26 92年2月3日  
091083  91年11月5日 04  06  07  21  26  40    35 92年2月5日  
091084  91年11月8日 04  14  26  27  32  37    12 92年2月10日  
091085  91年11月12日 11  13  25  31  32  41    21 92年2月12日  
091086  91年11月15日 09  18  21  24  38  41    32 92年2月17日  
091087  91年11月19日 03  31  32  33  37  40    30 92年2月19日  
091088  91年11月22日 11  20  30  32  34  41    39 92年2月24日  
091089  91年11月26日 12  20  23  35  36  42    7 92年2月26日  
091090  91年11月29日 09  12  13  18  21  26    3 92年2月3日  
091091  91年12月3日 07  19  20  33  39  40    5 92年3月3日  
091092  91年12月6日 04  19  27  33  34  41    11 92年3月10日  
091093  91年12月10日 01  10  18  25  41  42    11 92年3月10日  
091094  91年12月13日 01  04  11  13  18  39    10 92年3月17日  
091095  91年12月17日 08  13  21  28  30  35    27 92年3月17日  
091096  91年12月20日 10  11  13  14  16  40    32 92年3月24日  
091097  91年12月24日 10  20  24  30  37  39    19 92年3月24日  
091098  91年12月27日 11  18  22  23  25  41    31 92年3月31日  
091099  91年12月31日 11  14  24  26  30  39    41 92年3月1日  
092001  92年1月3日 11  14  20  36  39  42    23 92年4月7日  
092002  92年1月7日 06  10  12  13  14  35    27 92年4月7日  
092003  92年1月10日 09  13  15  35  37  39    10 92年4月14日  
092004  92年1月14日 10  14  17  20  31  41    39 92年4月14日  
092005  92年1月17日 02  03  18  28  36  41    23 92年4月21日  
092006  92年1月21日 06  19  21  28  31  39    4 92年4月21日  
092007  92年1月24日 03  05  09  10  13  24    7 92年4月28日  
092008  92年1月28日 13  15  16  21  27  38    39 92年4月28日  
092009  92年1月31日 07  12  15  31  33  41    27 92年4月5日  
092010  92年2月4日 04  15  21  28  33  35    31 92年5月5日  
092011  92年2月7日 03  16  17  29  34  37    33 92年5月9日  
092012  92年2月11日 02  05  21  25  34  42    3 92年5月12日  
092013  92年2月14日 24  27  32  33  37  38    13 92年5月16日  
092014  92年2月18日 02  05  07  09  28  35    19 92年5月19日  
092015  92年2月21日 01  05  18  25  30  32    21 92年5月23日  
092016  92年2月25日 21  28  30  33  35  42    37 92年5月26日  
092017  92年2月28日 15  20  22  36  38  40    32 92年5月2日  
092018  92年3月4日 11  18  20  21  38  40    22 92年6月5日  
092019  92年3月7日 03  15  19  23  27  31    17 92年6月9日  
092020  92年3月11日 07  25  32  34  37  39    20 92年6月11日  
092021  92年3月14日 01  13  14  21  28  42    19 92年6月16日  
092022  92年3月18日 03  07  12  21  34  42    38 92年6月18日  
092023  92年3月21日 03  05  15  17  24  41    21 92年6月23日  
092024  92年3月25日 05  12  15  21  27  38    16 92年6月25日  
092025  92年3月28日 09  27  34  37  38  40    6 92年6月30日  
092026  92年4月1日 04  06  23  25  26  27    2 92年7月1日  
092027  92年4月4日 15  18  19  27  28  29    6 92年7月7日  
092028  92年4月8日 05  10  19  24  38  40    21 92年7月8日  
092029  92年4月11日 08  12  14  22  39  41    38 92年7月14日  
092030  92年4月15日 06  08  11  16  22  29    23 92年7月15日  
092031  92年4月18日 04  06  23  27  29  35    11 92年7月21日  
092032  92年4月22日 04  05  22  24  39  42    11 92年7月22日  
092033  92年4月25日 02  10  16  24  26  41    14 92年7月28日  
092034  92年4月29日 01  10  17  24  28  41    6 92年7月29日  
092035  92年5月2日 04  07  18  21  31  36    15 92年8月4日  
092036  92年5月6日 04  22  24  26  27  37    18 92年8月6日  
092037  92年5月9日 08  11  20  25  27  33    19 92年8月11日  
092038  92年5月13日 09  12  16  24  27  28    14 92年8月13日  
092039  92年5月16日 01  10  16  29  33  35    20 92年8月18日  
092040  92年5月20日 06  10  12  23  25  35    5 92年8月20日  
092041  92年5月23日 01  13  20  22  27  37    31 92年8月25日  
092042  92年5月27日 02  11  16  20  28  32    10 92年8月27日  
092043  92年5月30日 06  13  26  33  34  39    35 92年8月1日  
092044  92年6月3日 17  21  26  28  37  41    34 92年9月4日  
092045  92年6月6日 11  20  22  23  33  34    42 92年9月8日  
092046  92年6月10日 03  04  10  25  36  41    40 92年9月10日  
092047  92年6月13日 03  05  10  15  24  28    26 92年9月15日  
092048  92年6月17日 01  05  14  24  39  41    36 92年9月17日  
092049  92年6月20日 09  11  12  21  37  41    27 92年9月22日  
092050  92年6月24日 11  14  25  26  29  34    38 92年9月24日  
092051  92年6月27日 09  10  11  14  20  36    39 92年9月29日  
092052  92年7月1日 01  06  09  18  28  34    40 92年10月1日  
092053  92年7月4日 04  14  25  28  35  39    7 92年10月6日  
092054  92年7月8日 04  17  23  26  27  32    7 92年10月8日  
092055  92年7月11日 05  17  27  32  35  40    37 92年10月13日  
092056  92年7月15日 04  09  18  31  35  36    29 92年10月15日  
092057  92年7月18日 02  11  12  21  24  41    28 92年10月20日  
092058  92年7月22日 06  10  15  28  36  37    2 92年10月22日  
092059  92年7月25日 03  12  26  33  36  40    22 92年10月27日  
092060  92年7月29日 06  20  25  30  35  42    3 92年10月29日  
092061  92年8月1日 01  09  12  16  22  25    42 92年11月3日  
092062  92年8月5日 02  17  22  23  30  34    9 92年11月5日  
092063  92年8月8日 12  15  19  35  36  40    29 92年11月10日  
092064  92年8月12日 02  11  15  20  24  36    32 92年11月12日  
092065  92年8月15日 04  13  15  28  29  38    41 92年11月17日  
092066  92年8月19日 12  19  31  36  37  39    28 92年11月19日  
092067  92年8月22日 13  17  21  23  33  36    29 92年11月24日  
092068  92年8月26日 04  09  12  28  33  40    41 92年11月26日  
092069  92年8月29日 03  06  16  22  26  32    24 92年11月1日  
092070  92年9月2日 07  08  09  14  36  39    30 92年12月2日  
092071  92年9月5日 07  17  19  23  33  37    21 92年12月8日  
092072  92年9月9日 06  08  19  22  32  39    4 92年12月9日  
092073  92年9月12日 09  11  23  24  27  32    26 92年12月15日  
092074  92年9月16日 04  12  19  29  33  41    30 92年12月16日  
092075  92年9月19日 11  14  21  22  23  28    25 92年12月22日  
092076  92年9月23日 01  03  14  22  30  40    13 92年12月23日  
092077  92年9月26日 14  27  33  34  36  38    30 92年12月29日  
092078  92年9月30日 07  19  21  24  28  36    26 92年12月31日  
092079  92年10月3日 06  10  15  17  28  32    26 93年1月5日  
092080  92年10月7日 03  23  24  34  37  40    5 93年1月7日  
092081  92年10月10日 08  15  19  21  23  31    25 93年1月12日  
092082  92年10月14日 09  21  22  31  32  42    27 93年1月14日  
092083  92年10月17日 01  02  11  15  25  27    33 93年1月19日  
092084  92年10月21日 01  03  25  28  31  40    33 93年1月27日  
092085  92年10月24日 02  05  18  30  31  34    39 93年1月27日  
092086  92年10月28日 10  24  31  33  35  39    16 93年1月28日  
092087  92年10月31日 05  07  22  31  32  34    14 93年1月2日  
092088  92年11月4日 13  15  20  22  32  35    34 93年2月4日  
092089  92年11月7日 06  12  16  31  35  42    2 93年2月9日  
092090  92年11月11日 02  05  12  25  33  39    41 93年2月11日  
092091  92年11月14日 05  28  32  34  41  42    40 93年2月16日  
092092  92年11月18日 02  03  16  25  34  42    13 93年2月18日  
092093  92年11月21日 03  08  17  24  33  34    38 93年2月23日  
092094  92年11月25日 02  04  09  33  36  41    40 93年2月25日  
092095  92年11月28日 03  04  15  19  20  28    7 93年2月1日  
092096  92年12月2日 09  16  24  29  30  40    13 93年3月2日  
092097  92年12月5日 06  20  23  28  36  37    7 93年3月8日  
092098  92年12月9日 01  24  25  29  31  37    18 93年3月9日  
092099  92年12月12日 04  14  17  27  34  35    1 93年3月15日  
092100  92年12月16日 01  11  12  21  36  40    24 93年3月16日  
092101  92年12月19日 14  19  21  24  33  36    39 93年3月22日  
092102  92年12月23日 03  08  22  28  33  41    35 93年3月23日  
092103  92年12月26日 01  10  11  34  39  42    18 93年3月29日  
092104  92年12月30日 02  17  18  24  26  40    30 93年3月30日  
093001  93年1月2日 01  02  05  22  23  40    19 93年4月5日  
093002  93年1月6日 09  12  16  28  34  39    32 93年4月6日  
093003  93年1月9日 02  12  29  32  36  41    22 93年4月12日  
093004  93年1月13日 01  06  08  09  14  25    16 93年4月13日  
093005  93年1月16日 05  11  24  33  39  40    26 93年4月19日  
093006  93年1月20日 05  19  31  33  36  38    4 93年4月26日  
093007  93年1月23日 08  09  18  23  24  36    25 93年4月26日  
093008  93年1月27日 01  06  23  31  35  37    19 93年4月27日  
093009  93年1月30日 07  11  12  32  33  34    21 93年4月3日  
093010  93年2月3日 09  17  23  36  37  40    3 93年5月3日  
093011  93年2月6日 07  09  19  20  36  37    30 93年5月10日  
093012  93年2月10日 02  08  13  26  31  38    25 93年5月10日  
093013  93年2月13日 01  06  10  14  18  25    13 93年5月17日  
093014  93年2月17日 03  05  07  12  24  32    38 93年5月17日  
093015  93年2月20日 07  11  13  29  34  41    18 93年5月24日
093016  93年2月24日 15  18  19  24  38  41    39 93年5月24日
093017  93年2月27日 04  11  17  26  29  33    14 93年5月31日
093018  93年3月2日 12  13  30  35  37  40    15 93年6月2日
093019  93年3月5日 12  19  26  35  37  42    20 93年6月7日
093020  93年3月9日 06  12  18  25  28  36    29 93年6月9日
093021  93年3月12日 07  08  11  17  33  37    12 93年6月14日  
093022  93年3月16日 01  04  08  18  24  40    34 93年6月16日
093023  93年3月19日 01  21  23  24  34  35    22 93年6月21日
093024  93年3月23日 07  11  15  30  36  41    18 93年6月23日 
093025  93年3月26日 23  27  28  33  39  40    4 93年6月28日  
093026  93年3月30日 03  05  13  17  35  42    8 93年6月30日 
093027  93年4月2日 22  31  32  33  41  42    4 93年7月5日 
093028  93年4月6日 05  10  12  23  25  35    7 93年7月6日 
093029  93年4月9日 05  15  21  29  37  41    24 93年7月12日
093030  93年4月13日 03  08  18  20  22  28    40 93年7月13日
093031  93年4月16日 04  09  17  29  37  40    18 93年7月19日
093032  93年4月20日 05  17  20  26  33  35    24 93年7月20日
093033  93年4月23日 07  13  14  16  20  42    11 93年7月26日  
093034  93年4月27日 07  25  32  37  39  41    29 93年7月27日 
093035  93年4月30日 04  08  09  34  37  42    32 93年8月2日  
